i didnt feel humiliated
[2, 139, 3, 679]
i can go from feeling so hopeless to so damned hopeful just from being around someone who cares and is awake
[2, 40, 101, 60, 8, 15, 494, 5, 15, 3496, 553, 32, 60, 61, 128, 148, 76, 1480, 4, 22, 1255]
im grabbing a minute to post i feel greedy wrong
[17, 3060, 7, 1149, 5, 286, 2, 3, 495, 438]

[2, 139, 3, 679]
[2, 40, 101, 60, 8, 15, 494, 5, 15, 3496, 553, 32, 60, 61, 128, 148, 76, 1480, 4, 22, 1255]
[17, 3060, 7, 1149, 5, 286, 2, 3, 495, 438]

[2,  139,  3,   679,  0, 0,   0,   0, 0,   0,    0,   0,  0,  0,  0,   0,   0,  0,    0, 0,  0   ]
[2,  40,   101, 60,   8, 15,  494, 5, 15,  3496, 553, 32, 60, 61, 128, 148, 76, 1480, 4, 22, 1255]
[17, 3060, 7,   1149, 5, 286, 2,   3, 495, 438,  0,   0,  0,  0,  0,   0,   0,  0,    0, 0,  0,  ]




En las imágenes del CNN:
[0 1 1]
[1 0 1]
[1 1 1]


expand

[0 0 1 1 1 1]
[0 0 1 1 1 1]
[1 1 0 0 1 1]
[1 1 0 0 1 1]
[1 1 1 1 1 1]
[1 1 1 1 1 1]

*

[1 0 0 0 0 0]
[0 1 0 0 0 0]
[0 0 1 0 0 0]
[0 0 0 1 0 0]
[0 0 0 0 1 0]
[0 0 0 0 0 1]

flat [0.7, 0.7 , 0.7, 0.7, 1, 1]